-11.435935 -22.479340 5.497657 -7.941913 -5.878676 5.497657
-11.435935 -22.479340 5.497657 -7.941913 -5.878676 5.497657
-11.435935 -22.479340 5.497657 -7.941913 -5.878676 5.497657
-11.435935 -22.479340 5.497657 -7.941948 -5.878669 5.497657
-11.435935 -22.479340 5.497657 -7.942226 -5.878610 5.497657
-11.435935 -22.479340 5.497657 -7.942782 -5.878493 5.497657
-11.410809 -22.479340 5.497657 -7.918484 -5.878319 5.497657
-11.385309 -22.479340 5.497657 -7.894084 -5.878087 5.497657
-11.359441 -22.479340 5.497657 -7.869584 -5.877800 5.497657
-11.333208 -22.479340 5.497657 -7.844986 -5.877456 5.497657
-11.306617 -22.479340 5.497657 -7.820291 -5.877058 5.497657
-11.279671 -22.479340 5.497657 -7.795503 -5.876605 5.497657
-11.252375 -22.479340 5.497657 -7.770622 -5.876098 5.497657
-11.224733 -22.479340 5.497657 -7.745651 -5.875538 5.497657
-11.196750 -22.479340 5.497657 -7.720592 -5.874926 5.497657
-11.168431 -22.479340 5.497657 -7.695446 -5.874262 5.497657
-11.139780 -22.479340 5.497657 -7.670215 -5.873547 5.497657
-11.110801 -22.479340 5.497657 -7.644902 -5.872782 5.497657
-11.081499 -22.479340 5.497657 -7.619507 -5.871967 5.497657
-11.051877 -22.479340 5.497657 -7.594032 -5.871103 5.497657
-11.021941 -22.479340 5.497657 -7.568480 -5.870191 5.497657
-10.991694 -22.479340 5.497657 -7.542851 -5.869231 5.497657
-10.961140 -22.479340 5.497657 -7.517147 -5.868225 5.497657
-10.930284 -22.479340 5.497657 -7.491370 -5.867173 5.497657
-10.899129 -22.479340 5.497657 -7.465520 -5.866075 5.497657
-10.867680 -22.479340 5.497657 -7.439601 -5.864933 5.497657
-10.835941 -22.479340 5.497657 -7.413612 -5.863748 5.497657
-10.803916 -22.479340 5.497657 -7.387556 -5.862520 5.497657
-10.771608 -22.479340 5.497657 -7.361433 -5.861249 5.497657
-10.739021 -22.479340 5.497657 -7.335245 -5.859937 5.497657
-10.706160 -22.479340 5.497657 -7.308993 -5.858585 5.497657
-10.673028 -22.479340 5.497657 -7.282678 -5.857193 5.497657
-10.639629 -22.479340 5.497657 -7.256303 -5.855762 5.497657
-10.605967 -22.479340 5.497657 -7.229866 -5.854293 5.497657
-10.572045 -22.479340 5.497657 -7.203371 -5.852787 5.497657
-10.537867 -22.479340 5.497657 -7.176818 -5.851244 5.497657
-10.503437 -22.479340 5.497657 -7.150207 -5.849665 5.497657
-10.468758 -22.479340 5.497657 -7.123541 -5.848051 5.497657
-10.433834 -22.479340 5.497657 -7.096819 -5.846404 5.497657
-10.398669 -22.479340 5.497657 -7.070044 -5.844723 5.497657
-10.363266 -22.479340 5.497657 -7.043215 -5.843009 5.497657
-10.327628 -22.479340 5.497657 -7.016335 -5.841264 5.497657
-10.291760 -22.479340 5.497657 -6.989403 -5.839488 5.497657
-10.255664 -22.479340 5.497657 -6.962420 -5.837682 5.497657
-10.219344 -22.479340 5.497657 -6.935388 -5.835847 5.497657
-10.182804 -22.479340 5.497657 -6.908307 -5.833983 5.497657
-10.146046 -22.479340 5.497657 -6.881178 -5.832092 5.497657
-10.109075 -22.479340 5.497657 -6.854002 -5.830174 5.497657
-10.071893 -22.479340 5.497657 -6.826779 -5.828230 5.497657
-10.034503 -22.479340 5.497657 -6.799511 -5.826260 5.497657
-9.996910 -22.479340 5.497657 -6.772197 -5.824267 5.497657
-9.959116 -22.479340 5.497657 -6.744839 -5.822250 5.497657
-9.921124 -22.479340 5.497657 -6.717436 -5.820210 5.497657
-9.882938 -22.479340 5.497657 -6.689991 -5.818148 5.497657
-9.844561 -22.479340 5.497657 -6.662502 -5.816065 5.497657
-9.805996 -22.479340 5.497657 -6.634971 -5.813961 5.497657
-9.767246 -22.479340 5.497657 -6.607399 -5.811838 5.497657
-9.728314 -22.479340 5.497657 -6.579785 -5.809697 5.497657
-9.689204 -22.479340 5.497657 -6.552131 -5.807537 5.497657
-9.649918 -22.479340 5.497657 -6.524436 -5.805360 5.497657
-9.610460 -22.479340 5.497657 -6.496702 -5.803167 5.497657
-9.570832 -22.479340 5.497657 -6.468928 -5.800958 5.497657
-9.531037 -22.479340 5.497657 -6.441115 -5.798734 5.497657
-9.491079 -22.479340 5.497657 -6.413263 -5.796496 5.497657
-9.450960 -22.479340 5.497657 -6.385373 -5.794244 5.497657
-9.410684 -22.479340 5.497657 -6.357445 -5.791980 5.497657
-9.370253 -22.479340 5.497657 -6.329479 -5.789704 5.497657
-9.329671 -22.479340 5.497657 -6.301476 -5.787417 5.497657
-9.288939 -22.479340 5.497657 -6.273436 -5.785120 5.497657
-9.248062 -22.479340 5.497657 -6.245359 -5.782813 5.497657
-9.207041 -22.479340 5.497657 -6.217245 -5.780497 5.497657
-9.165880 -22.479340 5.497657 -6.189095 -5.778173 5.497657
-9.124582 -22.479340 5.497657 -6.160908 -5.775841 5.497657
-9.083149 -22.479340 5.497657 -6.132685 -5.773503 5.497657
-9.041584 -22.479340 5.497657 -6.104427 -5.771158 5.497657
-8.999890 -22.479340 5.497657 -6.076132 -5.768808 5.497657
-8.958070 -22.479340 5.497657 -6.047802 -5.766453 5.497657
-8.916126 -22.479340 5.497657 -6.019437 -5.764094 5.497657
-8.874061 -22.479340 5.497657 -5.991036 -5.761732 5.497657
-8.831878 -22.479340 5.497657 -5.962599 -5.759368 5.497657
-8.789580 -22.479340 5.497657 -5.934127 -5.757001 5.497657
-8.747168 -22.479340 5.497657 -5.905620 -5.754632 5.497657
-8.704647 -22.479340 5.497657 -5.877078 -5.752263 5.497657
-8.662018 -22.479340 5.497657 -5.848500 -5.749894 5.497657
-8.619285 -22.479340 5.497657 -5.819887 -5.747526 5.497657
-8.576449 -22.479340 5.497657 -5.791239 -5.745158 5.497657
-8.533514 -22.479340 5.497657 -5.762555 -5.742792 5.497657
-8.490482 -22.479340 5.497657 -5.733836 -5.740429 5.497657
-8.447355 -22.479340 5.497657 -5.705081 -5.738068 5.497657
-8.404136 -22.479340 5.497657 -5.676291 -5.735711 5.497657
-8.360829 -22.479340 5.497657 -5.647465 -5.733358 5.497657
-8.317435 -22.479340 5.497657 -5.618604 -5.731010 5.497657
-8.273956 -22.479340 5.497657 -5.589706 -5.728667 5.497657
-8.230396 -22.479340 5.497657 -5.560773 -5.726330 5.497657
-8.186757 -22.479340 5.497657 -5.531803 -5.723999 5.497657
-8.143041 -22.479340 5.497657 -5.502797 -5.721675 5.497657
-8.099251 -22.479340 5.497657 -5.473754 -5.719358 5.497657
-8.055390 -22.479340 5.497657 -5.444675 -5.717049 5.497657
-8.011459 -22.479340 5.497657 -5.415559 -5.714748 5.497657
-7.967462 -22.479340 5.497657 -5.386406 -5.712456 5.497657
-7.923401 -22.479340 5.497657 -5.357215 -5.710174 5.497657
-7.879278 -22.479340 5.497657 -5.327987 -5.707901 5.497657
-7.835095 -22.479340 5.497657 -5.298721 -5.705639 5.497657
-7.790856 -22.479340 5.497657 -5.269417 -5.703387 5.497657
-7.746562 -22.479340 5.497657 -5.240075 -5.701147 5.497657
-7.702216 -22.479340 5.497657 -5.210694 -5.698918 5.497657
-7.657821 -22.479340 5.497657 -5.181275 -5.696701 5.497657
-7.613378 -22.479340 5.497657 -5.151816 -5.694497 5.497657
-7.568890 -22.479340 5.497657 -5.122317 -5.692306 5.497657
-7.524360 -22.479340 5.497657 -5.092779 -5.690128 5.497657
-7.479789 -22.479340 5.497657 -5.063201 -5.687963 5.497657
-7.435181 -22.479340 5.497657 -5.033582 -5.685813 5.497657
-7.390537 -22.479340 5.497657 -5.003922 -5.683677 5.497657
-7.345861 -22.479340 5.497657 -4.974222 -5.681555 5.497657
-7.301153 -22.479340 5.497657 -4.944479 -5.679449 5.497657
-7.256417 -22.479340 5.497657 -4.914695 -5.677359 5.497657
-7.211655 -22.479340 5.497657 -4.884869 -5.675284 5.497657
-7.166869 -22.479340 5.497657 -4.854999 -5.673225 5.497657
-7.122061 -22.479340 5.497657 -4.825087 -5.671183 5.497657
-7.077235 -22.479340 5.497657 -4.795132 -5.669157 5.497657
-7.032391 -22.479340 5.497657 -4.765132 -5.667149 5.497657
-6.987533 -22.479340 5.497657 -4.735088 -5.665157 5.497657
-6.942662 -22.479340 5.497657 -4.705000 -5.663184 5.497657
-6.897782 -22.479340 5.497657 -4.674866 -5.661228 5.497657
-6.852893 -22.479340 5.497657 -4.644687 -5.659291 5.497657
-6.808000 -22.479340 5.497657 -4.614462 -5.657371 5.497657
-6.763102 -22.479340 5.497657 -4.584239 -5.655464 5.497657
-6.718204 -22.479340 5.497657 -4.554067 -5.653564 5.497657
-6.673307 -22.479340 5.497657 -4.523947 -5.651670 5.497657
-6.628414 -22.479340 5.497657 -4.493879 -5.649783 5.497657
-6.583526 -22.479340 5.497657 -4.463862 -5.647903 5.497657
-6.538646 -22.479340 5.497657 -4.433897 -5.646032 5.497657
-6.493776 -22.479340 5.497657 -4.403983 -5.644168 5.497657
-6.448919 -22.479340 5.497657 -4.374122 -5.642314 5.497657
-6.404076 -22.479340 5.497657 -4.344312 -5.640468 5.497657
-6.359251 -22.479340 5.497657 -4.314554 -5.638632 5.497657
-6.314444 -22.479340 5.497657 -4.284847 -5.636805 5.497657
-6.269659 -22.479340 5.497657 -4.255193 -5.634989 5.497657
-6.224897 -22.479340 5.497657 -4.225591 -5.633183 5.497657
-6.180160 -22.479340 5.497657 -4.196040 -5.631387 5.497657
-6.135452 -22.479340 5.497657 -4.166542 -5.629603 5.497657
-6.090774 -22.479340 5.497657 -4.137096 -5.627830 5.497657
-6.046128 -22.479340 5.497657 -4.107701 -5.626069 5.497657
-6.001516 -22.479340 5.497657 -4.078359 -5.624320 5.497657
-5.956941 -22.479340 5.497657 -4.049069 -5.622583 5.497657
-5.912405 -22.479340 5.497657 -4.019831 -5.620858 5.497657
-5.867910 -22.479340 5.497657 -3.990644 -5.619147 5.497657
-5.823458 -22.479340 5.497657 -3.961510 -5.617448 5.497657
-5.779052 -22.479340 5.497657 -3.932428 -5.615763 5.497657
-5.734693 -22.479340 5.497657 -3.903398 -5.614092 5.497657
-5.690384 -22.479340 5.497657 -3.874420 -5.612434 5.497657
-5.646127 -22.479340 5.497657 -3.845494 -5.610791 5.497657
-5.601924 -22.479340 5.497657 -3.816619 -5.609161 5.497657
-5.557777 -22.479340 5.497657 -3.787797 -5.607547 5.497657
-5.513688 -22.479340 5.497657 -3.759027 -5.605947 5.497657
-5.469661 -22.479340 5.497657 -3.730308 -5.604362 5.497657
-5.425695 -22.479340 5.497657 -3.701642 -5.602792 5.497657
-5.381795 -22.479340 5.497657 -3.673027 -5.601237 5.497657
-5.337962 -22.479340 5.497657 -3.644464 -5.599698 5.497657
-5.294199 -22.479340 5.497657 -3.615953 -5.598175 5.497657
-5.250506 -22.479340 5.497657 -3.587493 -5.596668 5.497657
-5.206888 -22.479340 5.497657 -3.559085 -5.595176 5.497657
-5.163345 -22.479340 5.497657 -3.530729 -5.593701 5.497657
-5.119880 -22.479340 5.497657 -3.502425 -5.592242 5.497657
-5.076495 -22.479340 5.497657 -3.474172 -5.590799 5.497657
-5.033192 -22.479340 5.497657 -3.445970 -5.589374 5.497657
-4.989974 -22.479340 5.497657 -3.417821 -5.587964 5.497657
-4.946842 -22.479340 5.497657 -3.389722 -5.586572 5.497657
-4.903799 -22.479340 5.497657 -3.361675 -5.585196 5.497657
-4.860847 -22.479340 5.497657 -3.333680 -5.583838 5.497657
-4.817988 -22.479340 5.497657 -3.305736 -5.582496 5.497657
-4.775225 -22.479340 5.497657 -3.277843 -5.581172 5.497657
-4.732559 -22.479340 5.497657 -3.250001 -5.579865 5.497657
-4.689992 -22.479340 5.497657 -3.222211 -5.578575 5.497657
-4.647527 -22.479340 5.497657 -3.194472 -5.577303 5.497657
-4.605166 -22.479340 5.497657 -3.166784 -5.576047 5.497657
-4.562911 -22.479340 5.497657 -3.139148 -5.574810 5.497657
-4.520765 -22.479340 5.497657 -3.111562 -5.573590 5.497657
-4.478729 -22.479340 5.497657 -3.084028 -5.572387 5.497657
-4.436806 -22.479340 5.497657 -3.056545 -5.571202 5.497657
-4.394997 -22.479340 5.497657 -3.029113 -5.570035 5.497657
-4.353306 -22.479340 5.497657 -3.001731 -5.568885 5.497657
-4.311734 -22.479340 5.497657 -2.974401 -5.567753 5.497657
-4.270283 -22.479340 5.497657 -2.947122 -5.566638 5.497657
-4.228956 -22.479340 5.497657 -2.919894 -5.565541 5.497657
-4.187754 -22.479340 5.497657 -2.892717 -5.564461 5.497657
-4.146681 -22.479340 5.497657 -2.865591 -5.563399 5.497657
-4.105738 -22.479340 5.497657 -2.838516 -5.562355 5.497657
-4.064927 -22.479340 5.497657 -2.811491 -5.561328 5.497657
-4.024251 -22.479340 5.497657 -2.784518 -5.560318 5.497657
-3.983711 -22.479340 5.497657 -2.757596 -5.559326 5.497657
-3.943311 -22.479340 5.497657 -2.730725 -5.558351 5.497657
-3.903052 -22.479340 5.497657 -2.703904 -5.557393 5.497657
-3.862937 -22.479340 5.497657 -2.677135 -5.556453 5.497657
-3.822967 -22.479340 5.497657 -2.650417 -5.555529 5.497657
-3.783145 -22.479340 5.497657 -2.623749 -5.554623 5.497657
-3.743474 -22.479340 5.497657 -2.597133 -5.553734 5.497657
-3.703955 -22.479340 5.497657 -2.570568 -5.552861 5.497657
-3.664590 -22.479340 5.497657 -2.544054 -5.552006 5.497657
-3.625383 -22.479340 5.497657 -2.517592 -5.551167 5.497657
-3.586334 -22.479340 5.497657 -2.491180 -5.550345 5.497657
-3.547448 -22.479340 5.497657 -2.464820 -5.549539 5.497657
-3.508724 -22.479340 5.497657 -2.438511 -5.548750 5.497657
-3.470167 -22.479340 5.497657 -2.412254 -5.547977 5.497657
-3.431779 -22.479340 5.497657 -2.386048 -5.547220 5.497657
-3.393560 -22.479340 5.497657 -2.359893 -5.546479 5.497657
-3.355515 -22.479340 5.497657 -2.333791 -5.545754 5.497657
-3.317645 -22.479340 5.497657 -2.307740 -5.545045 5.497657
-3.279952 -22.479340 5.497657 -2.281740 -5.544352 5.497657
-3.242439 -22.479340 5.497657 -2.255793 -5.543674 5.497657
-3.205108 -22.479340 5.497657 -2.229898 -5.543012 5.497657
-3.167961 -22.479340 5.497657 -2.204055 -5.542365 5.497657
-3.131001 -22.479340 5.497657 -2.178264 -5.541733 5.497657
-3.094231 -22.479340 5.497657 -2.152525 -5.541116 5.497657
-3.057651 -22.479340 5.497657 -2.126839 -5.540514 5.497657
-3.021266 -22.479340 5.497657 -2.101206 -5.539926 5.497657
-2.985076 -22.479340 5.497657 -2.075625 -5.539354 5.497657
-2.949085 -22.479340 5.497657 -2.050097 -5.538795 5.497657
-2.913295 -22.479340 5.497657 -2.024623 -5.538251 5.497657
-2.877708 -22.479340 5.497657 -1.999201 -5.537721 5.497657
-2.842326 -22.479340 5.497657 -1.973834 -5.537204 5.497657
-2.807153 -22.479340 5.497657 -1.948520 -5.536702 5.497657
-2.772190 -22.479340 5.497657 -1.923259 -5.536213 5.497657
-2.737439 -22.479340 5.497657 -1.898053 -5.535737 5.497657
-2.702904 -22.479340 5.497657 -1.872901 -5.535275 5.497657
-2.668587 -22.479340 5.497657 -1.847804 -5.534826 5.497657
-2.634490 -22.479340 5.497657 -1.822761 -5.534390 5.497657
-2.600615 -22.479340 5.497657 -1.797773 -5.533966 5.497657
-2.566965 -22.479340 5.497657 -1.772841 -5.533556 5.497657
-2.533543 -22.479340 5.497657 -1.747964 -5.533157 5.497657
-2.500350 -22.479340 5.497657 -1.723143 -5.532771 5.497657
-2.467391 -22.479340 5.497657 -1.698378 -5.532398 5.497657
-2.434666 -22.479340 5.497657 -1.673669 -5.532036 5.497657
-2.402178 -22.479340 5.497657 -1.649017 -5.531686 5.497657
-2.369930 -22.479340 5.497657 -1.624421 -5.531347 5.497657
-2.337925 -22.479340 5.497657 -1.599883 -5.531020 5.497657
-2.306165 -22.479340 5.497657 -1.575403 -5.530705 5.497657
-2.274652 -22.479340 5.497657 -1.550981 -5.530401 5.497657
-2.243390 -22.479340 5.497657 -1.526617 -5.530108 5.497657
-2.212380 -22.479340 5.497657 -1.502311 -5.529825 5.497657
-2.181625 -22.479340 5.497657 -1.478065 -5.529554 5.497657
-2.151129 -22.479340 5.497657 -1.453878 -5.529293 5.497657
-2.120892 -22.479340 5.497657 -1.429751 -5.529043 5.497657
-2.090919 -22.479340 5.497657 -1.405684 -5.528803 5.497657
-2.061211 -22.479340 5.497657 -1.381678 -5.528574 5.497657
-2.031772 -22.479340 5.497657 -1.357734 -5.528354 5.497657
-2.002604 -22.479340 5.497657 -1.333850 -5.528145 5.497657
-1.973710 -22.479340 5.497657 -1.310029 -5.527946 5.497657
-1.945091 -22.479340 5.497657 -1.286271 -5.527756 5.497657
-1.916752 -22.479340 5.497657 -1.262575 -5.527576 5.497657
-1.888695 -22.479340 5.497657 -1.238943 -5.527406 5.497657
-1.860922 -22.479340 5.497657 -1.215479 -5.527241 5.497657
-1.833436 -22.479340 5.497657 -1.192288 -5.527079 5.497657
-1.806240 -22.479340 5.497657 -1.169373 -5.526917 5.497657
-1.779337 -22.479340 5.497657 -1.146737 -5.526757 5.497657
-1.752729 -22.479340 5.497657 -1.124382 -5.526599 5.497657
-1.726420 -22.479340 5.497657 -1.102311 -5.526443 5.497657
-1.700412 -22.479340 5.497657 -1.080528 -5.526288 5.497657
-1.674707 -22.479340 5.497657 -1.059034 -5.526134 5.497657
-1.649310 -22.479340 5.497657 -1.037834 -5.525982 5.497657
-1.624222 -22.479340 5.497657 -1.016928 -5.525832 5.497657
-1.599446 -22.479340 5.497657 -0.996322 -5.525683 5.497657
-1.574986 -22.479340 5.497657 -0.976016 -5.525536 5.497657
-1.550844 -22.479340 5.497657 -0.956015 -5.525390 5.497657
-1.527023 -22.479340 5.497657 -0.936321 -5.525246 5.497657
-1.503526 -22.479340 5.497657 -0.916937 -5.525103 5.497657
-1.480357 -22.479340 5.497657 -0.897867 -5.524962 5.497657
-1.457517 -22.479340 5.497657 -0.879112 -5.524822 5.497657
-1.435010 -22.479340 5.497657 -0.860676 -5.524683 5.497657
-1.412840 -22.479340 5.497657 -0.842562 -5.524546 5.497657
-1.391008 -22.479340 5.497657 -0.824773 -5.524411 5.497657
-1.369519 -22.479340 5.497657 -0.807312 -5.524277 5.497657
-1.348374 -22.479340 5.497657 -0.790183 -5.524144 5.497657
-1.327578 -22.479340 5.497657 -0.773387 -5.524013 5.497657
-1.307133 -22.479340 5.497657 -0.756929 -5.523883 5.497657
-1.287043 -22.479340 5.497657 -0.740811 -5.523755 5.497657
-1.267310 -22.479340 5.497657 -0.725037 -5.523628 5.497657
-1.247938 -22.479340 5.497657 -0.709609 -5.523502 5.497657
-1.228892 -22.479340 5.497657 -0.694493 -5.523378 5.497657
-1.209947 -22.479340 5.497657 -0.679465 -5.523255 5.497657
-1.191065 -22.479340 5.497657 -0.664485 -5.523133 5.497657
-1.172247 -22.479340 5.497657 -0.649555 -5.523013 5.497657
-1.153492 -22.479340 5.497657 -0.634674 -5.522894 5.497657
-1.134800 -22.479340 5.497657 -0.619842 -5.522776 5.497657
-1.116172 -22.479340 5.497657 -0.605060 -5.522660 5.497657
-1.097607 -22.479340 5.497657 -0.590327 -5.522545 5.497657
-1.079106 -22.479340 5.497657 -0.575644 -5.522431 5.497657
-1.060669 -22.479340 5.497657 -0.561010 -5.522318 5.497657
-1.042295 -22.479340 5.497657 -0.546426 -5.522207 5.497657
-1.023986 -22.479340 5.497657 -0.531891 -5.522097 5.497657
-1.005740 -22.479340 5.497657 -0.517406 -5.521988 5.497657
-0.987557 -22.479340 5.497657 -0.502971 -5.521881 5.497657
-0.969439 -22.479340 5.497657 -0.488586 -5.521775 5.497657
-0.951385 -22.479340 5.497657 -0.474250 -5.521670 5.497657
-0.933394 -22.479340 5.497657 -0.459965 -5.521566 5.497657
-0.915468 -22.479340 5.497657 -0.445729 -5.521463 5.497657
-0.897606 -22.479340 5.497657 -0.431543 -5.521362 5.497657
-0.879808 -22.479340 5.497657 -0.417408 -5.521262 5.497657
-0.862074 -22.479340 5.497657 -0.403322 -5.521162 5.497657
-0.844405 -22.479340 5.497657 -0.389287 -5.521065 5.497657
-0.826800 -22.479340 5.497657 -0.375302 -5.520968 5.497657
-0.809259 -22.479340 5.497657 -0.361367 -5.520872 5.497657
-0.791783 -22.479340 5.497657 -0.347482 -5.520778 5.497657
-0.774371 -22.479340 5.497657 -0.333648 -5.520684 5.497657
-0.757024 -22.479340 5.497657 -0.319864 -5.520592 5.497657
-0.739741 -22.479340 5.497657 -0.306130 -5.520501 5.497657
-0.722523 -22.479340 5.497657 -0.292447 -5.520411 5.497657
-0.705370 -22.479340 5.497657 -0.278815 -5.520322 5.497657
-0.688282 -22.479340 5.497657 -0.265233 -5.520234 5.497657
-0.671258 -22.479340 5.497657 -0.251701 -5.520147 5.497657
-0.654299 -22.479340 5.497657 -0.238221 -5.520062 5.497657
-0.637406 -22.479340 5.497657 -0.224791 -5.519977 5.497657
-0.620577 -22.479340 5.497657 -0.211412 -5.519894 5.497657
-0.603813 -22.479340 5.497657 -0.198084 -5.519811 5.497657
-0.587114 -22.479340 5.497657 -0.184806 -5.519729 5.497657
-0.570481 -22.479340 5.497657 -0.171580 -5.519649 5.497657
-0.553912 -22.479340 5.497657 -0.158405 -5.519570 5.497657
-0.537409 -22.479340 5.497657 -0.145280 -5.519491 5.497657
-0.520971 -22.479340 5.497657 -0.132207 -5.519414 5.497657
-0.504599 -22.479340 5.497657 -0.119185 -5.519337 5.497657
-0.488292 -22.479340 5.497657 -0.106214 -5.519262 5.497657
-0.472050 -22.479340 5.497657 -0.093294 -5.519187 5.497657
-0.455874 -22.479340 5.497657 -0.080426 -5.519114 5.497657
-0.439764 -22.479340 5.497657 -0.067608 -5.519041 5.497657
-0.423719 -22.479340 5.497657 -0.054843 -5.518969 5.497657
-0.407740 -22.479340 5.497657 -0.042128 -5.518899 5.497657
-0.391826 -22.479340 5.497657 -0.029466 -5.518829 5.497657
-0.375979 -22.479340 5.497657 -0.016854 -5.518760 5.497657
-0.360197 -22.479340 5.497657 -0.004295 -5.518692 5.497657
-0.344481 -22.479340 5.497657 0.008214 -5.518625 5.497657
-0.328831 -22.479340 5.497657 0.020670 -5.518559 5.497657
-0.313247 -22.479340 5.497657 0.033075 -5.518494 5.497657
-0.297729 -22.479340 5.497657 0.045428 -5.518430 5.497657
-0.282277 -22.479340 5.497657 0.057729 -5.518366 5.497657
-0.266891 -22.479340 5.497657 0.069978 -5.518303 5.497657
-0.251572 -22.479340 5.497657 0.082175 -5.518242 5.497657
-0.236318 -22.479340 5.497657 0.094321 -5.518181 5.497657
-0.221131 -22.479340 5.497657 0.106414 -5.518121 5.497657
-0.206011 -22.479340 5.497657 0.118455 -5.518062 5.497657
-0.190957 -22.479340 5.497657 0.130444 -5.518003 5.497657
-0.175969 -22.479340 5.497657 0.142381 -5.517946 5.497657
-0.161048 -22.479340 5.497657 0.154266 -5.517889 5.497657
-0.146193 -22.479340 5.497657 0.166098 -5.517833 5.497657
-0.131405 -22.479340 5.497657 0.177878 -5.517778 5.497657
-0.116684 -22.479340 5.497657 0.189606 -5.517724 5.497657
-0.102030 -22.479340 5.497657 0.201281 -5.517670 5.497657
-0.087442 -22.479340 5.497657 0.212904 -5.517617 5.497657
-0.072921 -22.479340 5.497657 0.224474 -5.517565 5.497657
-0.058467 -22.479340 5.497657 0.235992 -5.517514 5.497657
-0.044080 -22.479340 5.497657 0.247457 -5.517464 5.497657
-0.029760 -22.479340 5.497657 0.258869 -5.517414 5.497657
-0.015507 -22.479340 5.497657 0.270229 -5.517365 5.497657
-0.001322 -22.479340 5.497657 0.281536 -5.517317 5.497657
0.012797 -22.479340 5.497657 0.292790 -5.517269 5.497657
0.026848 -22.479340 5.497657 0.303991 -5.517222 5.497657
0.040832 -22.479340 5.497657 0.315140 -5.517176 5.497657
0.054749 -22.479340 5.497657 0.326235 -5.517131 5.497657
0.068599 -22.479340 5.497657 0.337277 -5.517086 5.497657
0.082380 -22.479340 5.497657 0.348266 -5.517042 5.497657
0.096095 -22.479340 5.497657 0.359202 -5.516999 5.497657
0.109742 -22.479340 5.497657 0.370085 -5.516956 5.497657
0.123321 -22.479340 5.497657 0.380915 -5.516914 5.497657
0.136833 -22.479340 5.497657 0.391691 -5.516873 5.497657
0.150277 -22.479340 5.497657 0.402415 -5.516832 5.497657
0.163653 -22.479340 5.497657 0.413084 -5.516792 5.497657
0.176961 -22.479340 5.497657 0.423701 -5.516753 5.497657
0.190202 -22.479340 5.497657 0.434264 -5.516714 5.497657
0.203375 -22.479340 5.497657 0.444773 -5.516676 5.497657
0.216479 -22.479340 5.497657 0.455229 -5.516639 5.497657
0.229516 -22.479340 5.497657 0.465631 -5.516602 5.497657
0.242484 -22.479340 5.497657 0.475979 -5.516565 5.497657
0.255385 -22.479340 5.497657 0.486274 -5.516530 5.497657
0.268217 -22.479340 5.497657 0.496515 -5.516495 5.497657
0.280981 -22.479340 5.497657 0.506702 -5.516460 5.497657
0.293677 -22.479340 5.497657 0.516835 -5.516426 5.497657
0.306304 -22.479340 5.497657 0.526915 -5.516393 5.497657
0.318863 -22.479340 5.497657 0.536940 -5.516360 5.497657
0.331353 -22.479340 5.497657 0.546912 -5.516328 5.497657
0.343775 -22.479340 5.497657 0.556829 -5.516296 5.497657
0.356129 -22.479340 5.497657 0.566692 -5.516265 5.497657
0.368414 -22.479340 5.497657 0.576501 -5.516235 5.497657
0.380630 -22.479340 5.497657 0.586256 -5.516205 5.497657
0.392777 -22.479340 5.497657 0.595956 -5.516175 5.497657
0.404856 -22.479340 5.497657 0.605603 -5.516146 5.497657
0.416866 -22.479340 5.497657 0.615195 -5.516118 5.497657
0.428807 -22.479340 5.497657 0.624732 -5.516090 5.497657
0.440679 -22.479340 5.497657 0.634215 -5.516062 5.497657
0.452482 -22.479340 5.497657 0.643643 -5.516036 5.497657
0.464216 -22.479340 5.497657 0.653017 -5.516009 5.497657
0.475881 -22.479340 5.497657 0.662337 -5.515983 5.497657
0.487476 -22.479340 5.497657 0.671601 -5.515958 5.497657
0.499003 -22.479340 5.497657 0.680811 -5.515933 5.497657
0.510460 -22.479340 5.497657 0.689966 -5.515908 5.497657
0.521848 -22.479340 5.497657 0.699066 -5.515884 5.497657
0.533167 -22.479340 5.497657 0.708112 -5.515861 5.497657
0.544416 -22.479340 5.497657 0.717102 -5.515837 5.497657
0.555596 -22.479340 5.497657 0.726038 -5.515815 5.497657
0.566706 -22.479340 5.497657 0.734919 -5.515792 5.497657
0.577747 -22.479340 5.497657 0.743744 -5.515771 5.497657
0.588718 -22.479340 5.497657 0.752514 -5.515749 5.497657
0.599619 -22.479340 5.497657 0.761230 -5.515728 5.497657
0.610451 -22.479340 5.497657 0.769890 -5.515708 5.497657
0.621212 -22.479340 5.497657 0.778494 -5.515688 5.497657
0.631904 -22.479340 5.497657 0.787044 -5.515668 5.497657
0.642527 -22.479340 5.497657 0.795538 -5.515649 5.497657
0.653079 -22.479340 5.497657 0.803976 -5.515630 5.497657
0.663561 -22.479340 5.497657 0.812359 -5.515611 5.497657
0.673973 -22.479340 5.497657 0.820687 -5.515593 5.497657
0.684315 -22.479340 5.497657 0.828959 -5.515575 5.497657
0.694587 -22.479340 5.497657 0.837176 -5.515558 5.497657
0.704788 -22.479340 5.497657 0.845336 -5.515541 5.497657
0.714920 -22.479340 5.497657 0.853442 -5.515524 5.497657
0.724981 -22.479340 5.497657 0.861491 -5.515508 5.497657
0.734971 -22.479340 5.497657 0.869484 -5.515492 5.497657
0.744892 -22.479340 5.497657 0.877422 -5.515476 5.497657
0.754741 -22.479340 5.497657 0.885304 -5.515461 5.497657
0.764521 -22.479340 5.497657 0.893129 -5.515446 5.497657
0.774229 -22.479340 5.497657 0.900899 -5.515431 5.497657
0.783867 -22.479340 5.497657 0.908613 -5.515417 5.497657
0.793434 -22.479340 5.497657 0.916270 -5.515403 5.497657
0.802931 -22.479340 5.497657 0.923872 -5.515390 5.497657
0.812357 -22.479340 5.497657 0.931417 -5.515376 5.497657
0.821712 -22.479340 5.497657 0.938906 -5.515363 5.497657
0.830996 -22.479340 5.497657 0.946339 -5.515351 5.497657
0.840209 -22.479340 5.497657 0.953715 -5.515338 5.497657
0.849351 -22.479340 5.497657 0.961035 -5.515326 5.497657
0.858422 -22.479340 5.497657 0.968298 -5.515314 5.497657
0.867421 -22.479340 5.497657 0.975505 -5.515303 5.497657
0.876350 -22.479340 5.497657 0.982655 -5.515292 5.497657
0.885207 -22.479340 5.497657 0.989749 -5.515281 5.497657
0.893994 -22.479340 5.497657 0.996786 -5.515270 5.497657
0.902708 -22.479340 5.497657 1.003766 -5.515259 5.497657
0.911352 -22.479340 5.497657 1.010690 -5.515249 5.497657
0.919924 -22.479340 5.497657 1.017557 -5.515239 5.497657
0.928424 -22.479340 5.497657 1.024366 -5.515230 5.497657
0.936853 -22.479340 5.497657 1.031119 -5.515220 5.497657
0.945210 -22.479340 5.497657 1.037815 -5.515211 5.497657
0.953496 -22.479340 5.497657 1.044454 -5.515202 5.497657
0.961710 -22.479340 5.497657 1.051036 -5.515194 5.497657
0.969852 -22.479340 5.497657 1.057561 -5.515185 5.497657
0.977922 -22.479340 5.497657 1.064029 -5.515177 5.497657
0.985921 -22.479340 5.497657 1.070439 -5.515169 5.497657
0.993848 -22.479340 5.497657 1.076792 -5.515161 5.497657
1.001702 -22.479340 5.497657 1.083088 -5.515154 5.497657
1.009485 -22.479340 5.497657 1.089327 -5.515146 5.497657
1.017195 -22.479340 5.497657 1.095508 -5.515139 5.497657
1.024834 -22.479340 5.497657 1.101631 -5.515132 5.497657
1.032400 -22.479340 5.497657 1.107697 -5.515126 5.497657
1.039894 -22.479340 5.497657 1.113706 -5.515119 5.497657
1.047315 -22.479340 5.497657 1.119657 -5.515113 5.497657
1.054665 -22.479340 5.497657 1.125550 -5.515107 5.497657
1.061941 -22.479340 5.497657 1.131386 -5.515101 5.497657
1.069146 -22.479340 5.497657 1.137164 -5.515095 5.497657
1.076278 -22.479340 5.497657 1.142884 -5.515089 5.497657
1.083337 -22.479340 5.497657 1.148546 -5.515084 5.497657
1.090324 -22.479340 5.497657 1.154150 -5.515079 5.497657
1.097238 -22.479340 5.497657 1.159696 -5.515073 5.497657
1.104079 -22.479340 5.497657 1.165184 -5.515069 5.497657
1.110848 -22.479340 5.497657 1.170615 -5.515064 5.497657
1.117543 -22.479340 5.497657 1.175987 -5.515059 5.497657
1.124166 -22.479340 5.497657 1.181301 -5.515055 5.497657
1.130716 -22.479340 5.497657 1.186556 -5.515050 5.497657
1.137193 -22.479340 5.497657 1.191754 -5.515046 5.497657
1.143597 -22.479340 5.497657 1.196893 -5.515042 5.497657
1.149928 -22.479340 5.497657 1.201974 -5.515038 5.497657
1.156185 -22.479340 5.497657 1.206996 -5.515035 5.497657
1.162370 -22.479340 5.497657 1.211960 -5.515031 5.497657
1.168481 -22.479340 5.497657 1.216865 -5.515027 5.497657
1.174519 -22.479340 5.497657 1.221712 -5.515024 5.497657
1.180483 -22.479340 5.497657 1.226500 -5.515021 5.497657
1.186374 -22.479340 5.497657 1.231230 -5.515018 5.497657
1.192192 -22.479340 5.497657 1.235901 -5.515015 5.497657
1.197936 -22.479340 5.497657 1.240513 -5.515012 5.497657
1.203606 -22.479340 5.497657 1.245066 -5.515009 5.497657
1.209203 -22.479340 5.497657 1.249560 -5.515006 5.497657
1.214726 -22.479340 5.497657 1.253996 -5.515004 5.497657
1.220176 -22.479340 5.497657 1.258372 -5.515001 5.497657
1.225552 -22.479340 5.497657 1.262690 -5.514999 5.497657
1.230853 -22.479340 5.497657 1.266948 -5.514997 5.497657
1.236081 -22.479340 5.497657 1.271148 -5.514995 5.497657
1.241235 -22.479340 5.497657 1.275288 -5.514993 5.497657
1.246315 -22.479340 5.497657 1.279369 -5.514991 5.497657
1.251321 -22.479340 5.497657 1.283390 -5.514989 5.497657
1.256253 -22.479340 5.497657 1.287353 -5.514987 5.497657
1.261110 -22.479340 5.497657 1.291256 -5.514985 5.497657
1.265894 -22.479340 5.497657 1.295100 -5.514984 5.497657
1.270603 -22.479340 5.497657 1.298884 -5.514982 5.497657
1.275238 -22.479340 5.497657 1.302608 -5.514981 5.497657
1.279798 -22.479340 5.497657 1.306273 -5.514979 5.497657
1.284284 -22.479340 5.497657 1.309879 -5.514978 5.497657
1.288696 -22.479340 5.497657 1.313425 -5.514977 5.497657
1.293033 -22.479340 5.497657 1.316911 -5.514975 5.497657
1.297295 -22.479340 5.497657 1.320337 -5.514974 5.497657
1.301483 -22.479340 5.497657 1.323704 -5.514973 5.497657
1.305596 -22.479340 5.497657 1.327010 -5.514972 5.497657
1.309634 -22.479340 5.497657 1.330257 -5.514971 5.497657
1.313598 -22.479340 5.497657 1.333444 -5.514970 5.497657
1.317486 -22.479340 5.497657 1.336571 -5.514969 5.497657
1.321300 -22.479340 5.497657 1.339638 -5.514968 5.497657
1.325039 -22.479340 5.497657 1.342644 -5.514968 5.497657
